0,1,2,3,4,5,6,7,8,9,10,11,12,13,14,15,16,17,18,19,20,21,22,23,24,25,26,27,28,29,30,31,32,33,34,35,36,37,38,39,40,41,42,43,44,45,46,47,48,49,50,51,52,53,54,55,56,57,58,59,60,61,62,63,64,65,66,67,68,69,70,71,72,73,74,75,76,77,78,79,80,81,82,83,84,85,86,87,88,89,90,91,92,93,94,95,96,97,98,99,100,101,102,103,104,105,106,107,108,109,110,111,112,113,114,115,116,117,118,119,120,121,122,123,124,125,126,127,128,129,130,131,132,133,134,135,136,137,138,139,140,141,142,143,144,145,146,147,148,149,150,151,152,153,154,155,156,157,158,159,160,161,162,163,164,165,166,167,168,169,170,171,172,173,174,175,176,177,178,179,180,181,182,183,184,185,186,187,188,189,190,191,192,193,194,195,196,197,198
0.99999976,0.97253555,0.9862162,0.9858475,0.9774312,0.9812297,0.97870135,0.9827765,0.97635937,0.98212355,0.9797325,0.98175824,0.9888774,0.9758054,0.9845036,0.97823095,0.977879,0.9848789,0.9800335,0.9758611,0.9861184,0.98525316,0.98638976,0.9824501,0.9819418,0.9752096,0.9805597,0.98219126,0.98123723,0.9810051,0.98214686,0.9818824,0.98683345,0.9833281,0.9681171,0.9827882,0.9817751,0.9727687,0.9841093,0.97925484,0.981907,0.9834186,0.9677423,0.9812182,0.97271216,0.98605263,0.9812573,0.97562456,0.9709711,0.9642499,0.98517454,0.9754308,0.98083806,0.97427297,0.97007453,0.9827635,0.9836101,0.98749995,0.9700839,0.9777616,0.952222,0.9662176,0.98347795,0.9850693,0.97555596,0.9736376,0.9696627,0.98301625,0.98203397,0.98235893,0.9865582,0.9863518,0.98627436,0.98318005,0.9816539,0.969413,0.98389935,0.9764873,0.98752534,0.9668064,0.9771148,0.9722607,0.9764224,0.9752042,0.9824995,0.98115504,0.9752464,0.97615,0.98325473,0.9849483,0.9818753,0.9835776,0.98133814,0.97701764,0.9830022,0.9819168,0.9731889,0.979411,0.9742131,0.9862029,0.9838015,0.97657126,0.97979397,0.9679333,0.98522913,0.96575886,0.97892416,0.97398555,0.98215115,0.9680004,0.9791286,0.97332954,0.9760567,0.986609,0.97134304,0.9810405,0.9815235,0.9726968,0.96540934,0.96887946,0.9763243,0.9805507,0.9712651,0.9744334,0.97613454,0.9724283,0.98064256,0.9757397,0.9776894,0.9765601,0.9745596,0.9829338,0.98181576,0.96533746,0.9757974,0.98499715,0.98312825,0.979874,0.9704069,0.9784304,0.9777071,0.9813218,0.96473074,0.9766158,0.97493124,0.9684174,0.97270083,0.9812248,0.97195935,0.9734508,0.97824705,0.9633206,0.9668616,0.9741936,0.98220295,0.9753862,0.9694096,0.9800556,0.9843832,0.9841533,0.9795763,0.9765041,0.9854436,0.98469365,0.9787891,0.98572063,0.96730757,0.98029363,0.97594225,0.9824906,0.9821722,0.9833764,0.97623694,0.98271614,0.98033273,0.9753064,0.97531325,0.97096944,0.98298746,0.9684717,0.97289485,0.9745158,0.97514623,0.96852016,0.9743952,0.9706117,0.96659535,0.972708,0.9722449,0.9826782,0.9768194,0.98896575,0.9843476,0.9584774,0.9763217,0.9852947,0.96884036,0.9793917,0.9839121
0.97253555,0.99999976,0.9705523,0.9686297,0.96395826,0.9663646,0.9599125,0.9649134,0.9592159,0.9674974,0.9648646,0.9647219,0.9668394,0.9666933,0.9621227,0.96122,0.9726924,0.96334434,0.96568215,0.9714135,0.97757256,0.9735173,0.9626411,0.96934927,0.96560955,0.96240866,0.9635139,0.9688741,0.9718052,0.96770644,0.9711778,0.9678353,0.97478557,0.9752345,0.9586675,0.97371435,0.9650984,0.9595996,0.96995497,0.9671563,0.9718969,0.9685755,0.9635186,0.9666312,0.9661245,0.9681679,0.96855456,0.9657609,0.9513917,0.9499842,0.9726556,0.9631394,0.95677876,0.96296483,0.95552814,0.9693651,0.9685032,0.9658406,0.95555246,0.9666094,0.9378487,0.9567918,0.9659834,0.96941555,0.95950407,0.9605732,0.9470409,0.97430754,0.963384,0.9690953,0.97063774,0.9688543,0.97283804,0.96298623,0.96981335,0.95529085,0.96928936,0.955711,0.97075343,0.95992315,0.95444053,0.95819384,0.96724296,0.9619098,0.95849836,0.96679616,0.95943236,0.96246386,0.9638355,0.97575575,0.97392917,0.9683578,0.9674659,0.95878136,0.9728904,0.96413404,0.9488416,0.9670956,0.9569117,0.9718076,0.9729943,0.96173114,0.9611715,0.94443005,0.96375203,0.9518504,0.96330345,0.9574952,0.97118866,0.95225954,0.9555573,0.9538301,0.958884,0.9658829,0.95644593,0.963554,0.96086043,0.9589999,0.9594548,0.9608515,0.96782553,0.9765022,0.96847713,0.96137035,0.958207,0.96392643,0.9612307,0.964012,0.9646473,0.95942247,0.95684314,0.96192706,0.9604286,0.9615414,0.97297907,0.96647596,0.9585597,0.96672714,0.95955086,0.960809,0.96776855,0.95965254,0.95098126,0.96647704,0.9637035,0.9606149,0.9601275,0.96899575,0.9716718,0.9550183,0.9691106,0.9472155,0.95376486,0.9558252,0.97266257,0.9579654,0.95947707,0.95915306,0.9724079,0.96797496,0.968228,0.95536566,0.97440064,0.9646543,0.9624786,0.9623909,0.9650768,0.9650377,0.95846945,0.95948863,0.96497667,0.97493565,0.9659454,0.96558803,0.96080184,0.96431893,0.9603772,0.96566206,0.9618617,0.9645176,0.974288,0.96104014,0.9583305,0.9534533,0.95920724,0.9640451,0.95120484,0.961816,0.96140033,0.96994734,0.9554148,0.96650505,0.97273594,0.9554013,0.9671927,0.9705701,0.9612145,0.96226656,0.9759674
0.9862162,0.9705523,1.0000005,0.9850924,0.9779207,0.9815586,0.9738635,0.9779171,0.9775157,0.98213255,0.9775686,0.9812238,0.98436236,0.97439575,0.98071116,0.97502804,0.976034,0.9827068,0.9828495,0.97575384,0.9857978,0.9843979,0.9834105,0.97899157,0.98109126,0.980109,0.9788733,0.9844068,0.9816924,0.97811145,0.98322797,0.98181313,0.9811876,0.98173046,0.97102976,0.97860765,0.97841597,0.9719943,0.9828038,0.97801304,0.9777676,0.9824134,0.9665793,0.9773669,0.9733336,0.98305535,0.9826207,0.9730283,0.96848655,0.9630543,0.9833089,0.9752217,0.9796815,0.974954,0.9712268,0.9798436,0.9792657,0.98214793,0.9710995,0.97835433,0.95165825,0.9637737,0.9833375,0.98687196,0.9762479,0.9715513,0.96562356,0.9837247,0.98238325,0.9812051,0.9846213,0.9850859,0.9862645,0.9754521,0.9787103,0.9714596,0.9801788,0.9718749,0.984272,0.97196805,0.9761193,0.97136796,0.9786371,0.9775404,0.9797807,0.9787714,0.9757695,0.9758873,0.9801847,0.9849733,0.9820937,0.9824318,0.98245394,0.97165865,0.9807515,0.97822964,0.9699939,0.9805485,0.9755931,0.98565066,0.98250914,0.97227913,0.9784694,0.9617183,0.98420775,0.96800256,0.9740807,0.96960926,0.9844353,0.97115695,0.9770632,0.97037554,0.97723854,0.98830664,0.9722327,0.97897446,0.98069274,0.97402704,0.9715252,0.9760721,0.97960025,0.9800898,0.9706087,0.9790026,0.97795546,0.97391516,0.98193085,0.9735874,0.97654176,0.98112285,0.9750742,0.9792169,0.98131037,0.96822053,0.9743173,0.980886,0.97908807,0.9814309,0.9718114,0.979035,0.9799243,0.9804289,0.96730167,0.97682023,0.98019814,0.97146666,0.9770195,0.98262674,0.9772772,0.9710429,0.9805761,0.96507704,0.9718003,0.977575,0.9846517,0.97554266,0.9731952,0.97893107,0.9803067,0.9799013,0.98071337,0.97725487,0.9838146,0.98359644,0.9806918,0.98400396,0.96430624,0.9822979,0.9771489,0.9840387,0.9829529,0.9851552,0.980865,0.9817857,0.97874385,0.975636,0.9819561,0.96787834,0.9823947,0.97757304,0.9703734,0.9778338,0.969107,0.97029936,0.97630763,0.9696426,0.96578085,0.9765012,0.97107613,0.9845368,0.9749491,0.9860319,0.98563385,0.96607083,0.9811146,0.98448586,0.9731432,0.9789413,0.981642
0.9858475,0.9686297,0.9850924,0.99999964,0.98086953,0.9850774,0.97692835,0.9814763,0.98435354,0.9818995,0.985608,0.9845289,0.9849428,0.9791123,0.98468447,0.97559845,0.96561235,0.98096955,0.98075503,0.9711157,0.9848655,0.98387057,0.9830954,0.9808824,0.9818014,0.9814174,0.9845652,0.9840108,0.978417,0.98078895,0.9814715,0.9859631,0.9814974,0.97653246,0.97614264,0.9804981,0.97547764,0.97374433,0.9817475,0.9823612,0.9801239,0.9803696,0.9713634,0.98018897,0.97181034,0.98017126,0.98417956,0.9726704,0.9681895,0.9674157,0.98277587,0.97812885,0.98203284,0.98019445,0.97429883,0.9798784,0.98049533,0.9824551,0.97402495,0.97346145,0.9509671,0.96522677,0.9827245,0.98526007,0.9782724,0.9694922,0.96986747,0.9853165,0.9800037,0.98338985,0.99114776,0.98483217,0.9831755,0.97816616,0.9754857,0.97610915,0.98530996,0.9739642,0.98418534,0.9783027,0.9789454,0.9687282,0.97508234,0.98123825,0.9851135,0.984231,0.9779619,0.98040426,0.98446256,0.98365986,0.9834286,0.98514366,0.98599946,0.9780698,0.9806165,0.9826219,0.9730922,0.9796987,0.9735848,0.98441523,0.9840164,0.9747484,0.9775461,0.9618263,0.986856,0.9722467,0.981764,0.97258246,0.9848599,0.97340035,0.98234904,0.97158694,0.97592646,0.9877572,0.9766464,0.98291755,0.9875305,0.9785206,0.9738928,0.9753753,0.9809688,0.9792093,0.9735005,0.9824384,0.98154414,0.97389567,0.9828943,0.98100567,0.9783312,0.97877884,0.9751957,0.9840754,0.97927433,0.9649048,0.9763731,0.9835636,0.98414874,0.9812645,0.9742279,0.9799424,0.9808828,0.97560954,0.96973705,0.9782926,0.98030776,0.9784205,0.9726145,0.98444724,0.97639024,0.9723088,0.978399,0.9661499,0.9782229,0.9799219,0.98458743,0.9797943,0.97594976,0.9851867,0.9818747,0.97920096,0.9785825,0.97956467,0.9806483,0.9851842,0.9833654,0.9857929,0.9652179,0.9858119,0.9803929,0.9835236,0.98187447,0.98337984,0.9822008,0.9805596,0.98441935,0.97776926,0.98382145,0.97031593,0.982179,0.9766562,0.96759224,0.97882456,0.9754028,0.9777396,0.97979945,0.96680796,0.9683795,0.974591,0.9796917,0.9861139,0.9819742,0.98646426,0.9822789,0.9686729,0.98344433,0.9853339,0.9769256,0.98230016,0.98173815
0.9774312,0.96395826,0.9779207,0.98086953,0.99999976,0.9770033,0.9726105,0.9778323,0.9774823,0.97596526,0.9840491,0.9760823,0.9737028,0.9812484,0.97888887,0.97071326,0.97017914,0.9766344,0.9798223,0.97298753,0.98362863,0.9779241,0.9743109,0.97438604,0.9817476,0.9781037,0.9899237,0.9797405,0.97351784,0.97634006,0.97618365,0.97342837,0.9731717,0.97102386,0.97993064,0.9726226,0.9710282,0.9731375,0.97951543,0.97763073,0.9766456,0.9748448,0.97973716,0.9723556,0.9711087,0.9808059,0.9781101,0.9684677,0.96710396,0.9642725,0.97988343,0.9680949,0.9754177,0.9843438,0.9671377,0.98047733,0.9751508,0.97668105,0.977005,0.97297704,0.9468183,0.9712726,0.9789097,0.9793428,0.969483,0.9704269,0.96870863,0.982962,0.975319,0.9838761,0.9782449,0.97882545,0.97537184,0.97164756,0.96728075,0.9698204,0.9833597,0.9774444,0.9775455,0.9772442,0.97427577,0.96906537,0.97229385,0.97361183,0.97476107,0.9827814,0.96898264,0.9777731,0.97775453,0.976652,0.9805793,0.97627217,0.9877368,0.9698525,0.9779075,0.98188806,0.97785187,0.9673184,0.96968246,0.9795048,0.9776192,0.9778645,0.97980994,0.9598112,0.97717553,0.97311014,0.96860594,0.9762486,0.9765278,0.97481644,0.9709408,0.96885395,0.96619105,0.98306537,0.9726513,0.9822732,0.98140126,0.973143,0.9764975,0.9732157,0.9809518,0.97531295,0.968904,0.9730897,0.97476184,0.9784025,0.9753659,0.9849049,0.97273403,0.98316956,0.96781135,0.97426534,0.97178304,0.9717275,0.96897066,0.9752418,0.9737385,0.97145605,0.9695936,0.97564644,0.9879859,0.97441727,0.97349375,0.9661213,0.9695504,0.9791502,0.97105825,0.97461045,0.9725542,0.9670296,0.98140264,0.96118736,0.973724,0.97303843,0.9837334,0.97661024,0.9694103,0.97794354,0.9795417,0.9753947,0.97647214,0.9710535,0.970153,0.9762467,0.9759988,0.97763586,0.9666032,0.97390383,0.9804002,0.9750412,0.9759351,0.98322475,0.96644044,0.9767808,0.9747039,0.97752774,0.9786227,0.96673244,0.9817724,0.9692339,0.9675961,0.9713464,0.9683866,0.9664149,0.98069096,0.9651806,0.9714439,0.97313803,0.97502184,0.97792697,0.9691917,0.97763485,0.97675157,0.9714334,0.97672176,0.9768679,0.96297824,0.9753991,0.97504604
0.9812297,0.9663646,0.9815586,0.9850774,0.9770033,0.99999964,0.9762453,0.97778577,0.980685,0.9849273,0.9798648,0.9802861,0.97867894,0.98101795,0.97963727,0.9688803,0.9679758,0.98316956,0.9810767,0.9750483,0.98442656,0.98220336,0.9760104,0.9773709,0.9806156,0.98111534,0.9810931,0.9866869,0.9810532,0.9793093,0.9821571,0.98188925,0.9754711,0.97543633,0.9787551,0.97782105,0.97309744,0.97962326,0.9810738,0.9785938,0.97660214,0.9791875,0.97166276,0.9771245,0.9723432,0.9808775,0.9821149,0.9772207,0.97343636,0.96613044,0.9801544,0.97697175,0.9736242,0.979884,0.9786842,0.9832697,0.97654986,0.97859216,0.9747833,0.9785302,0.9586792,0.9652671,0.9780554,0.9780534,0.9788685,0.97839284,0.971606,0.98454726,0.97919655,0.9810676,0.986393,0.98834,0.98285294,0.97301126,0.977605,0.9783188,0.98313123,0.9744768,0.98179626,0.9789351,0.977538,0.97571206,0.9828967,0.9800399,0.97922796,0.9804752,0.9792049,0.97989583,0.9817998,0.9839381,0.98795795,0.9785128,0.9859432,0.97351426,0.9803116,0.9816751,0.9728612,0.97564596,0.97819173,0.9789447,0.9793707,0.9728583,0.9762988,0.9662968,0.97698283,0.97635186,0.9759083,0.96437037,0.97882783,0.97718525,0.978191,0.9771067,0.9752311,0.9830233,0.9781312,0.98713326,0.979123,0.97689307,0.97448826,0.972641,0.9810623,0.973886,0.9704761,0.9849627,0.9745038,0.9747442,0.97866654,0.9752326,0.9770873,0.9804584,0.9752612,0.98108304,0.9733188,0.97220683,0.98111534,0.985003,0.978832,0.9777926,0.9774046,0.9826008,0.979633,0.9752873,0.972196,0.9750382,0.9798044,0.9778147,0.9801643,0.98218507,0.9786689,0.9773937,0.9796243,0.9738656,0.9765666,0.98127204,0.98561245,0.978729,0.97733724,0.9767002,0.98166263,0.9765036,0.98525167,0.9832666,0.9757103,0.9845842,0.98097026,0.98230785,0.96750194,0.9851173,0.9786638,0.97409153,0.98377025,0.98337793,0.9748845,0.9764526,0.97759223,0.9757564,0.98442113,0.97576284,0.98097944,0.97600913,0.96906805,0.9800126,0.9732888,0.98088396,0.97437,0.9713176,0.9736562,0.97795033,0.979532,0.9833379,0.96936643,0.9827454,0.98327094,0.97076416,0.98171717,0.98046577,0.97256863,0.98233116,0.9812777
0.97870135,0.9599125,0.9738635,0.97692835,0.9726105,0.9762453,1.0,0.9738326,0.9722743,0.9827373,0.97587705,0.9800313,0.976445,0.97416306,0.98622,0.9790787,0.96400505,0.98039484,0.969496,0.96989006,0.97658443,0.9753089,0.9783065,0.97328496,0.9821921,0.9748888,0.9809351,0.9824361,0.98105145,0.97627807,0.97838646,0.9754795,0.97377396,0.97251,0.9697021,0.9785106,0.973122,0.97660565,0.98007977,0.9733391,0.97827554,0.9753226,0.9641303,0.9831871,0.9652999,0.97837895,0.97812676,0.97497046,0.9751787,0.9715295,0.97864103,0.9664483,0.97159374,0.96983474,0.96575296,0.9738778,0.9810714,0.9821255,0.9668797,0.9705181,0.959203,0.96261865,0.980615,0.9765791,0.9822322,0.9748726,0.97843945,0.9830222,0.97503406,0.97768855,0.97741026,0.97751474,0.97745407,0.9728898,0.97144985,0.97434735,0.97867656,0.97020394,0.97494936,0.9694706,0.98012346,0.97514784,0.97586775,0.9775213,0.9828901,0.98015684,0.9810368,0.9720335,0.98223865,0.9776548,0.98025435,0.97799313,0.9815459,0.9777193,0.9786335,0.9845033,0.9798423,0.9752027,0.97257435,0.97552115,0.9721873,0.9793249,0.97741693,0.9719031,0.979101,0.9629797,0.9779192,0.9630041,0.97580945,0.9658841,0.97493297,0.9777229,0.97746164,0.97845453,0.97169054,0.9768729,0.9795643,0.9626609,0.96050036,0.9654772,0.9769137,0.97531736,0.96374977,0.97611356,0.97792614,0.9676419,0.97895104,0.9693845,0.97795415,0.97647226,0.97784853,0.98377526,0.9805695,0.9674883,0.9687532,0.98293185,0.9760288,0.9741446,0.97325873,0.9797563,0.9737746,0.9783962,0.9671618,0.96306276,0.9764705,0.9713395,0.97110105,0.97629535,0.9617058,0.9749879,0.9749243,0.9698223,0.96697193,0.9772153,0.97923005,0.9755981,0.97345203,0.97024834,0.9801305,0.97256243,0.983039,0.98033786,0.9737595,0.980138,0.98642313,0.97934365,0.9661805,0.97445154,0.9701529,0.97160894,0.9782261,0.97738683,0.9688184,0.970176,0.9823788,0.9643669,0.9679807,0.9649754,0.97285247,0.9624083,0.96868896,0.97778344,0.97674537,0.9771963,0.9737215,0.97010994,0.96813035,0.9757519,0.9745976,0.9764474,0.9700277,0.979841,0.9757825,0.95814526,0.9734293,0.97604895,0.96227,0.9861339,0.98206407
0.9827765,0.9649134,0.9779171,0.9814763,0.9778323,0.97778577,0.9738326,1.0000002,0.9788903,0.975831,0.98479974,0.9830007,0.9846995,0.97921,0.97505534,0.9616008,0.96696097,0.9789593,0.981796,0.96241975,0.98025924,0.97500885,0.98066187,0.98671055,0.9738942,0.9773736,0.9779839,0.97872126,0.9753179,0.9700333,0.9757599,0.97862375,0.9800506,0.9680716,0.9788185,0.9756419,0.9783639,0.9643262,0.9821261,0.97685534,0.9697314,0.975052,0.97336805,0.96791387,0.97223413,0.9745503,0.9778007,0.9738656,0.9684,0.9655953,0.9738854,0.9796951,0.98319006,0.9825357,0.9773065,0.977237,0.9748392,0.97771037,0.97410107,0.9734723,0.95765936,0.96239,0.9694325,0.9760696,0.970366,0.9719489,0.9657088,0.97871625,0.97604805,0.98310816,0.9809407,0.9814354,0.9790193,0.9762645,0.9783758,0.9675301,0.97523254,0.9790359,0.97826064,0.9711993,0.97725034,0.9731283,0.9748194,0.9739907,0.9812761,0.9782715,0.97549725,0.98001087,0.97302735,0.9798997,0.9795323,0.9766243,0.9785937,0.9659987,0.9745603,0.9737369,0.9678424,0.9752881,0.97796875,0.9758357,0.9822073,0.9707222,0.97277635,0.962041,0.9762514,0.97016144,0.9754467,0.9822254,0.9775009,0.9759165,0.9811639,0.9665813,0.9762423,0.982082,0.9745748,0.97790116,0.9791208,0.9803324,0.97778964,0.96532136,0.975236,0.97404104,0.97407305,0.97122496,0.970104,0.97973466,0.9730743,0.97901285,0.9726983,0.98136103,0.9668633,0.9799175,0.97869456,0.96207875,0.97584665,0.9794863,0.98595834,0.97465646,0.97174436,0.978093,0.97786796,0.978088,0.9644727,0.97575414,0.97119224,0.9706984,0.9674124,0.9815695,0.9747225,0.97454,0.972952,0.96762323,0.9647566,0.97012806,0.98240465,0.97821677,0.9654516,0.9793806,0.9744127,0.9781369,0.9728513,0.9755538,0.97637916,0.9820118,0.9743053,0.98462206,0.96818745,0.9794313,0.9799651,0.9752024,0.9781467,0.9813974,0.977389,0.9807665,0.97587764,0.9791095,0.97539496,0.97318065,0.9860027,0.9700481,0.9591614,0.97225857,0.9631317,0.9678248,0.97911835,0.9663005,0.9655499,0.9630674,0.9777883,0.9787089,0.9713776,0.98095876,0.97982836,0.9641856,0.971841,0.9718143,0.9734956,0.9810179,0.9781877
0.97635937,0.9592159,0.9775157,0.98435354,0.9774823,0.980685,0.9722743,0.9788903,1.0000001,0.97661716,0.98270833,0.9879441,0.9812556,0.979692,0.9784115,0.9582952,0.96037483,0.9819242,0.981835,0.9626353,0.97853357,0.97723794,0.9791852,0.97726077,0.9735752,0.9857087,0.97940505,0.9830561,0.97637796,0.968364,0.9750962,0.98649347,0.9779259,0.9679893,0.98631436,0.96922696,0.9731412,0.9759568,0.98500323,0.98155093,0.96331584,0.97497237,0.9684837,0.96805227,0.97255766,0.9716753,0.9817672,0.9766846,0.97605705,0.972003,0.9689686,0.9814241,0.9820616,0.9822057,0.97750986,0.9725739,0.9710388,0.97792417,0.97304034,0.97803843,0.963681,0.95971304,0.96962285,0.9746601,0.97361076,0.9759532,0.97352153,0.9840279,0.98179394,0.9811158,0.9829083,0.9818934,0.9795338,0.9666475,0.974172,0.977793,0.98081505,0.9824372,0.97466236,0.9835423,0.98651755,0.9751322,0.9775603,0.9836995,0.981269,0.97888064,0.9788163,0.98729455,0.97652924,0.97916687,0.98112184,0.97833693,0.9836322,0.9640742,0.9692906,0.97531366,0.9750655,0.97857386,0.98524684,0.98215514,0.9822117,0.9672944,0.9681271,0.96693957,0.9794907,0.98360896,0.9755479,0.9744704,0.9782587,0.97829497,0.9863899,0.9738686,0.97977114,0.982052,0.98648655,0.97885746,0.9831509,0.981673,0.9756192,0.97314876,0.9784144,0.9724539,0.97652155,0.97803915,0.97562706,0.973751,0.97902614,0.9835043,0.97702134,0.9819251,0.9783783,0.98150706,0.9773449,0.9584188,0.9731089,0.9788048,0.98038715,0.97855955,0.9790444,0.9834375,0.9813011,0.97738177,0.96495324,0.9730463,0.97999203,0.98284584,0.97558486,0.98252356,0.9795569,0.9797715,0.9748144,0.9778195,0.98200464,0.9812988,0.98569113,0.9814654,0.97768664,0.9802448,0.9713461,0.976844,0.97543395,0.9822471,0.9738753,0.9844638,0.9782048,0.9825021,0.96602476,0.98646975,0.9872544,0.97643065,0.981001,0.98394793,0.9825617,0.9727894,0.9777447,0.9790043,0.9838402,0.97413373,0.98343575,0.97866595,0.96084344,0.9799335,0.9591341,0.9819882,0.9828227,0.9718375,0.9801594,0.977061,0.9863194,0.9770757,0.96814466,0.976937,0.9793709,0.9654407,0.98046136,0.9731803,0.9825252,0.98434335,0.9799259
0.98212355,0.9674974,0.98213255,0.9818995,0.97596526,0.9849273,0.9827373,0.975831,0.97661716,0.99999917,0.9785552,0.9814054,0.9833555,0.97825044,0.9864807,0.98004746,0.9746528,0.98532987,0.9776114,0.975526,0.9856797,0.97971874,0.98255736,0.9785813,0.98368514,0.98137575,0.9794707,0.984699,0.9873263,0.9852016,0.98553854,0.98106205,0.9785596,0.98005146,0.97499037,0.98535585,0.979849,0.98273003,0.9810468,0.9794705,0.98251516,0.98143554,0.9702124,0.98807156,0.9766661,0.984544,0.9811188,0.97730994,0.97613156,0.9714273,0.98482406,0.97576,0.9743191,0.97401917,0.9709994,0.9782461,0.98388946,0.987064,0.97246087,0.9789241,0.96069086,0.96676385,0.9826362,0.98453915,0.9836278,0.97744167,0.9760836,0.98739743,0.9810068,0.9808182,0.98332953,0.98516405,0.9847386,0.98036486,0.9780985,0.97653353,0.9815963,0.97123635,0.9814164,0.9735177,0.9784335,0.97461957,0.98267365,0.97864205,0.9845204,0.98350215,0.98203695,0.9752068,0.9885615,0.9866043,0.98219407,0.98107123,0.9857925,0.98401105,0.9833487,0.98370343,0.976961,0.9792857,0.9757432,0.98316175,0.97991264,0.98011667,0.97731864,0.97167236,0.98391426,0.96664816,0.9821462,0.967834,0.98104185,0.96895933,0.9784402,0.97382903,0.98127794,0.980056,0.9797826,0.9838928,0.9797816,0.97025585,0.96718836,0.96615565,0.9778122,0.9793992,0.9684609,0.9792546,0.9782094,0.96814203,0.9785275,0.97416276,0.98371804,0.97687507,0.9782237,0.9825995,0.9777339,0.96987534,0.9783158,0.9885942,0.97931397,0.9793838,0.9710719,0.98471165,0.97443134,0.9826169,0.9690261,0.97077495,0.9802226,0.9763272,0.9742013,0.98408985,0.9730062,0.9762696,0.978268,0.9686422,0.9697346,0.9759971,0.98423886,0.97779655,0.97205865,0.97579074,0.9851311,0.979367,0.98410046,0.9812459,0.979663,0.98287183,0.9831152,0.98456675,0.96801805,0.9784663,0.97434497,0.9790653,0.9839996,0.9817677,0.9768647,0.979433,0.9812039,0.97377026,0.97825146,0.97290605,0.98062974,0.9699123,0.9783151,0.97767305,0.9799653,0.9785532,0.9731636,0.9757744,0.96910083,0.97438025,0.97834516,0.98006445,0.97616494,0.9839436,0.9836707,0.9618206,0.97656894,0.9812196,0.9679071,0.98313594,0.9821147
0.9797325,0.9648646,0.9775686,0.985608,0.9840491,0.9798648,0.97587705,0.98479974,0.98270833,0.9785552,1.0000001,0.98405635,0.9811406,0.98151344,0.9799393,0.9695082,0.9683289,0.98032653,0.98132145,0.97065985,0.9828106,0.9799646,0.9783363,0.98107505,0.9776479,0.98113835,0.9865499,0.98259324,0.97930825,0.97429144,0.9776432,0.9789707,0.97706544,0.9709792,0.98467743,0.9772314,0.9733343,0.9764484,0.983749,0.9807359,0.9745083,0.9779421,0.9764826,0.9740486,0.9759742,0.97926277,0.9831096,0.9745633,0.9727951,0.96985006,0.9788575,0.9750234,0.983815,0.98681974,0.9779027,0.97734135,0.978516,0.98218936,0.9774196,0.97468364,0.95662665,0.96905214,0.9757698,0.9798132,0.97462046,0.97542405,0.9749728,0.982664,0.98030865,0.9865193,0.98152924,0.9826828,0.978443,0.97339547,0.9728582,0.97628564,0.9823723,0.97493017,0.9768446,0.98240554,0.9817462,0.9755951,0.9770249,0.9810068,0.9837889,0.98371196,0.97689867,0.98601663,0.9799645,0.9799179,0.9842607,0.98232543,0.985074,0.97254103,0.9822056,0.9829253,0.97865975,0.9764667,0.9793001,0.98038757,0.9770049,0.98023856,0.9784112,0.96828496,0.98067975,0.9780781,0.9756564,0.9799315,0.97842085,0.9808136,0.98181665,0.9760615,0.9765558,0.98043376,0.97791123,0.98470926,0.9866096,0.9816716,0.9796205,0.9727328,0.9827568,0.9777869,0.9754344,0.97845757,0.97815,0.9782274,0.9748548,0.9859562,0.97562766,0.9848019,0.9735838,0.98319364,0.9768424,0.9706334,0.9746183,0.9824493,0.9808217,0.9784352,0.9800297,0.9830589,0.9859841,0.97967154,0.9707966,0.9717661,0.9767279,0.97876894,0.9733149,0.9831531,0.9777912,0.97569853,0.9807057,0.97335225,0.9739673,0.9768166,0.98706496,0.9794686,0.9755221,0.9802512,0.9786263,0.9755156,0.978636,0.97938335,0.9726462,0.98165464,0.97625864,0.98247343,0.9701183,0.9790077,0.9842136,0.9765928,0.9813231,0.9830588,0.9735844,0.98011696,0.9793737,0.9787321,0.97861814,0.975162,0.9862801,0.9750891,0.9670616,0.9760681,0.9705584,0.9754443,0.9831422,0.9713179,0.97481465,0.9736078,0.9828116,0.9812506,0.9747588,0.9785576,0.98027337,0.9722112,0.9799313,0.977098,0.9719908,0.98371416,0.9819256
0.98175824,0.9647219,0.9812238,0.9845289,0.9760823,0.9802861,0.9800313,0.9830007,0.9879441,0.9814054,0.98405635,1.0000001,0.98738635,0.97664165,0.9815866,0.965334,0.9678222,0.9864336,0.9850432,0.9696388,0.98114717,0.9803597,0.9826354,0.98242,0.977973,0.98652023,0.9810178,0.98589504,0.98197687,0.9718965,0.9806552,0.98354584,0.9838917,0.9729187,0.9842864,0.9786087,0.97825974,0.9744005,0.987571,0.9815903,0.9714769,0.9813389,0.9678936,0.97476906,0.9746808,0.9753125,0.9856787,0.97847134,0.97921,0.97597146,0.97447133,0.98251474,0.98172474,0.980656,0.9815228,0.9743872,0.979899,0.9821804,0.9718187,0.9796797,0.968024,0.96171665,0.9753155,0.9795249,0.97663677,0.976735,0.9757879,0.9837867,0.98693085,0.9846375,0.9860815,0.98339653,0.98442227,0.97243345,0.97923535,0.97926295,0.9806255,0.9814621,0.97892433,0.98227894,0.9885794,0.9779132,0.98064876,0.987147,0.98779666,0.98235524,0.9835716,0.9843731,0.98270226,0.98300046,0.98272073,0.98475945,0.9846761,0.97268105,0.9767232,0.97936267,0.9749424,0.986447,0.9845203,0.98324704,0.9806295,0.9735527,0.97402656,0.9719373,0.98443127,0.9780245,0.97922856,0.9737033,0.98014617,0.97719526,0.9887986,0.97552454,0.98153365,0.98495686,0.9872676,0.98066306,0.98516953,0.9832102,0.97229016,0.9717371,0.9809721,0.9733089,0.976009,0.9802433,0.98008186,0.9742738,0.97954893,0.97993565,0.9818672,0.98119354,0.9805988,0.9881972,0.98547137,0.95983845,0.97537065,0.9829405,0.9825825,0.98366356,0.9787816,0.9842684,0.9807551,0.9793219,0.96617365,0.97539973,0.983698,0.9826034,0.97991043,0.9862973,0.9802739,0.9802916,0.9793188,0.97639525,0.9765997,0.9799193,0.9874809,0.9814192,0.9754879,0.9793204,0.9766731,0.97796106,0.97991467,0.98327297,0.97597075,0.9866226,0.98059285,0.9863366,0.9634604,0.9859002,0.98633265,0.9786597,0.9859899,0.98535824,0.9839164,0.9778574,0.98216456,0.97792226,0.9806901,0.9755628,0.98319715,0.9761707,0.9657539,0.9828859,0.9674456,0.9832867,0.98357975,0.97652185,0.97702193,0.97606355,0.9855865,0.9814173,0.9744574,0.98118293,0.9851854,0.9646294,0.98202014,0.97843856,0.9790846,0.98939025,0.9848775
0.9888774,0.9668394,0.98436236,0.9849428,0.9737028,0.97867894,0.976445,0.9846995,0.9812556,0.9833555,0.9811406,0.98738635,0.9999995,0.9723369,0.9832983,0.97103536,0.9739532,0.9850395,0.97863954,0.9682389,0.983873,0.98319745,0.9854303,0.9842578,0.97911143,0.97971064,0.9771573,0.98083305,0.9795103,0.9772256,0.98119354,0.98132974,0.9876882,0.9766509,0.9733702,0.9813893,0.98514915,0.9710346,0.9846481,0.9811852,0.97495866,0.9838233,0.96571624,0.979054,0.9750557,0.9810066,0.98188466,0.9764862,0.9721403,0.9691757,0.98066264,0.98032457,0.9839777,0.9763371,0.97392917,0.9764888,0.9823098,0.987508,0.9693188,0.97664666,0.9589806,0.96159756,0.978926,0.98135495,0.97525394,0.97213674,0.96985793,0.9817805,0.98659384,0.9830505,0.9845846,0.98525393,0.9847926,0.98128176,0.98006165,0.97341764,0.9814253,0.97895634,0.9875875,0.9693197,0.98102045,0.9745066,0.9740094,0.9798274,0.9877784,0.9824319,0.97868824,0.9772854,0.9844426,0.9855193,0.9803494,0.986609,0.98027325,0.97642374,0.97953546,0.97930366,0.9702642,0.98298043,0.9778498,0.98532385,0.98526704,0.97473437,0.9740966,0.97081417,0.9885437,0.96888185,0.98105717,0.97734135,0.98248994,0.9707588,0.9848912,0.9702171,0.9776361,0.9845893,0.9758618,0.98118865,0.9792811,0.97529316,0.96651804,0.9678439,0.9755109,0.9780039,0.9737252,0.974272,0.9762972,0.97328156,0.97866464,0.9783893,0.980703,0.9756093,0.9764024,0.9838547,0.9849017,0.9592771,0.97386724,0.98485136,0.9844911,0.9798287,0.9683324,0.97866005,0.9776248,0.9833104,0.9624886,0.9753773,0.97543305,0.9709188,0.9727972,0.9858136,0.97259635,0.9754859,0.9744861,0.96598375,0.9685722,0.97203505,0.98451865,0.9737823,0.9676184,0.9787604,0.9824337,0.97922456,0.9757431,0.9778478,0.9814153,0.98438036,0.9772676,0.9859225,0.96515685,0.9822204,0.9780412,0.9814523,0.9804378,0.98355496,0.9840574,0.9822357,0.9792172,0.97668654,0.9757232,0.97352743,0.98324966,0.969676,0.97168505,0.9759904,0.97064865,0.9713596,0.9782295,0.9783573,0.9675075,0.9693573,0.9781954,0.9817089,0.97953856,0.9846972,0.9821596,0.9574168,0.97862244,0.9830265,0.9729556,0.98212874,0.981663
0.9758054,0.9666933,0.97439575,0.9791123,0.9812484,0.98101795,0.97416306,0.97921,0.979692,0.97825044,0.98151344,0.97664165,0.9723369,1.0000005,0.97603536,0.9677791,0.96937466,0.97628415,0.9779037,0.96955025,0.9810115,0.97623545,0.9750383,0.9741328,0.9800366,0.9773594,0.98243904,0.9824867,0.9797262,0.97418845,0.9790226,0.9784546,0.9739012,0.9736145,0.98198354,0.97356504,0.97104,0.97673035,0.9793843,0.98041075,0.97450376,0.96988267,0.98107266,0.9750648,0.9772539,0.98132336,0.974375,0.97372127,0.9701009,0.9636659,0.97711945,0.97158706,0.9723097,0.9844956,0.97074807,0.97729325,0.9771282,0.974596,0.9816283,0.97273886,0.9563508,0.97569907,0.97209346,0.9747267,0.97676414,0.9804014,0.971015,0.9841335,0.9720216,0.9855169,0.9806123,0.9791398,0.97736835,0.97660744,0.9728117,0.9663397,0.9799596,0.97448087,0.9729185,0.9772093,0.9725004,0.97243893,0.97745776,0.9729678,0.9759234,0.9834571,0.9757205,0.97909206,0.9732573,0.9771429,0.98442817,0.9730181,0.98430264,0.971244,0.97707987,0.9800406,0.97570074,0.9709024,0.9708127,0.97713125,0.9783732,0.97425205,0.9715661,0.9622611,0.97141016,0.97206604,0.97760546,0.97597057,0.97875667,0.974283,0.9728705,0.97087324,0.9749354,0.9785638,0.97753584,0.9827304,0.9782009,0.97844046,0.9800623,0.96925783,0.9811286,0.9789083,0.97638696,0.97330004,0.9690011,0.9800792,0.97492135,0.9772617,0.97457314,0.9851651,0.96829456,0.97566277,0.9729922,0.9699423,0.9754632,0.98015976,0.9769534,0.97299373,0.97711456,0.9823457,0.98197836,0.975853,0.9785917,0.97126806,0.97661215,0.9789827,0.9710177,0.9767952,0.97460675,0.977373,0.9797021,0.9705641,0.9720259,0.97440696,0.9799572,0.9836464,0.9706155,0.9758258,0.9767983,0.98018044,0.98071945,0.97678626,0.975186,0.97775,0.9800011,0.98016876,0.97098416,0.9758146,0.97988313,0.9736835,0.9759397,0.9843872,0.9724587,0.9790038,0.97612065,0.9842832,0.97809464,0.97770727,0.98271894,0.9729041,0.96912134,0.96958435,0.96742713,0.9724232,0.9766475,0.96342057,0.97569674,0.9718143,0.97489345,0.9772226,0.9678869,0.9786228,0.97893137,0.9753449,0.9732077,0.9718208,0.97486544,0.9782554,0.97647965
0.9845036,0.9621227,0.98071116,0.98468447,0.97888887,0.97963727,0.98622,0.97505534,0.9784115,0.9864807,0.9799393,0.9815866,0.9832983,0.97603536,1.0000001,0.9809302,0.9707463,0.98319614,0.97334146,0.9723655,0.9819598,0.97982323,0.9823259,0.976416,0.9854328,0.97935134,0.98276234,0.98261535,0.98388636,0.9812363,0.9835402,0.9808347,0.977363,0.9788158,0.971755,0.98014945,0.98042464,0.9790493,0.98219836,0.98056966,0.9820828,0.97850907,0.96723306,0.983837,0.9724585,0.9840665,0.9812351,0.97451496,0.97528714,0.9737652,0.9848146,0.97288835,0.97660923,0.97400117,0.9686186,0.97943276,0.9838716,0.9874296,0.97463316,0.9748775,0.9547006,0.96480703,0.98671734,0.98410803,0.982257,0.974285,0.9779068,0.98557544,0.9818565,0.980469,0.9824369,0.9824666,0.9833094,0.9772924,0.97292215,0.9766472,0.9852246,0.9737042,0.9826031,0.97026336,0.9809841,0.9725556,0.9737719,0.9803194,0.9864564,0.98270464,0.9809594,0.97608566,0.9884142,0.98471826,0.98027027,0.9827931,0.9850669,0.97975695,0.98152816,0.9870421,0.9796325,0.9764147,0.9736976,0.9845519,0.97979516,0.9827025,0.9783308,0.96984917,0.9875219,0.96795976,0.9792882,0.9666673,0.9799736,0.9661839,0.98271877,0.9760424,0.9782896,0.9809258,0.9762774,0.98281217,0.98036635,0.96836436,0.9620195,0.96745837,0.97917366,0.97843754,0.96884674,0.9773151,0.98045826,0.9685433,0.9838943,0.975523,0.9810407,0.97671056,0.9788741,0.9844418,0.980676,0.967321,0.96957356,0.9854435,0.9818888,0.9791513,0.97114766,0.9814381,0.9771352,0.9828712,0.97080135,0.965647,0.9775685,0.97618586,0.9699066,0.97886145,0.9647685,0.975839,0.9777981,0.9672493,0.9738203,0.9775951,0.98230326,0.9794695,0.97093534,0.9781085,0.9828308,0.9772506,0.9818721,0.98101926,0.97740376,0.9819584,0.9851397,0.98269343,0.96489286,0.9788157,0.97319895,0.9813706,0.9826659,0.9817805,0.9773011,0.97583723,0.98099244,0.97231424,0.9731808,0.96979547,0.9795302,0.966049,0.97290635,0.9776192,0.9776856,0.9784235,0.97740865,0.97490036,0.9703941,0.97642785,0.9790315,0.97961694,0.9737093,0.9828109,0.9806145,0.9587153,0.9784001,0.9825588,0.96747065,0.9854363,0.9829324
0.97823095,0.96122,0.97502804,0.97559845,0.97071326,0.9688803,0.9790787,0.9616008,0.9582952,0.98004746,0.9695082,0.965334,0.97103536,0.9677791,0.9809302,1.0000002,0.9696406,0.97292686,0.9618937,0.97692215,0.9774667,0.97563857,0.9772024,0.9630803,0.9830173,0.96285903,0.97270775,0.9745,0.97752666,0.9832288,0.979051,0.9680413,0.9695692,0.97826433,0.95477235,0.97958535,0.9715286,0.9691504,0.9694128,0.9679879,0.9858911,0.97249687,0.9574696,0.9840659,0.96479464,0.9864803,0.9704732,0.95757604,0.956427,0.9549475,0.98456264,0.9528406,0.96211004,0.9584919,0.94999796,0.9689444,0.9842753,0.9827925,0.96714354,0.96026367,0.9333148,0.9644641,0.98804283,0.98519945,0.97955954,0.96294874,0.96340394,0.9748863,0.97032976,0.9722028,0.9736513,0.9701575,0.9730573,0.977906,0.9603555,0.9593903,0.97556436,0.9531259,0.9742044,0.9551053,0.961798,0.9582971,0.96729404,0.9631411,0.976442,0.97394073,0.9654293,0.95676047,0.98422134,0.97312653,0.9698392,0.976887,0.97638077,0.9833876,0.9834663,0.9814085,0.96590304,0.97102827,0.9509139,0.9763617,0.9654731,0.9743001,0.97789,0.9554882,0.9794228,0.9468552,0.9741678,0.957044,0.97406113,0.9534396,0.9606583,0.9643593,0.9636351,0.9718371,0.9569963,0.9737797,0.9741157,0.9543124,0.9520085,0.96051884,0.97100866,0.9738802,0.9562668,0.9702842,0.9762044,0.9616848,0.9724222,0.95864534,0.9756323,0.9650914,0.96581113,0.97377425,0.97519875,0.96294856,0.9595743,0.9795046,0.97162837,0.97109425,0.9598508,0.97282374,0.9672935,0.9713776,0.96741986,0.9541519,0.96868855,0.9592397,0.95969516,0.9670903,0.95303965,0.95893717,0.9745562,0.9451115,0.9568263,0.96298677,0.9717797,0.9646554,0.96046627,0.96449757,0.981827,0.96969354,0.9755188,0.9661406,0.9774157,0.96895754,0.9805428,0.9727191,0.95715916,0.96306604,0.9581212,0.9765363,0.9718329,0.96966356,0.9616593,0.97328186,0.9760486,0.962635,0.9649873,0.9577922,0.9660215,0.95771813,0.97363365,0.96202576,0.9858184,0.96036446,0.9638511,0.95980716,0.953375,0.9647858,0.9594029,0.97479177,0.977175,0.97746545,0.9722024,0.94824755,0.96552324,0.982486,0.94819236,0.97067535,0.97232425
0.977879,0.9726924,0.976034,0.96561235,0.97017914,0.9679758,0.96400505,0.96696097,0.96037483,0.9746528,0.9683289,0.9678222,0.9739532,0.96937466,0.9707463,0.9696406,1.0000002,0.9746206,0.97282004,0.9778163,0.98232174,0.96976376,0.9715398,0.97177666,0.96802473,0.9681996,0.96496475,0.9734386,0.97870225,0.9727613,0.97478974,0.964744,0.97870696,0.9773766,0.960538,0.9755726,0.9801589,0.9654145,0.97634554,0.9706274,0.97506404,0.9694052,0.96159256,0.97471833,0.97398233,0.98024136,0.9684038,0.96880394,0.96641564,0.95805305,0.97617817,0.96522844,0.9647143,0.9630027,0.9589617,0.9727826,0.97344553,0.976826,0.95928824,0.9768742,0.9517664,0.963377,0.9737036,0.9748421,0.96751213,0.9702437,0.956906,0.97190154,0.97413844,0.97305,0.967805,0.9732743,0.9790356,0.96976614,0.9754127,0.95556366,0.9716867,0.9640179,0.9734036,0.9546099,0.96179456,0.96756184,0.9738459,0.96187806,0.96661705,0.97037524,0.9642901,0.963339,0.9698901,0.97718585,0.97203135,0.9696437,0.97025144,0.9668455,0.9760411,0.97161996,0.9618509,0.96600854,0.9640775,0.97559845,0.9738288,0.9711933,0.96897995,0.9599787,0.9694029,0.95441544,0.96494853,0.96662545,0.96942544,0.9564912,0.9621261,0.9619801,0.96584654,0.96815324,0.96227944,0.9699013,0.96341133,0.96212226,0.9560993,0.95525813,0.9694016,0.97732407,0.966291,0.95803773,0.96254647,0.96120864,0.95838434,0.9641268,0.9700626,0.96690446,0.9590018,0.9642387,0.96680087,0.95801085,0.9720899,0.97423786,0.9657574,0.97128695,0.9588536,0.97188634,0.969663,0.97521925,0.95373875,0.9568114,0.960057,0.95798945,0.9651927,0.9656604,0.96665186,0.965657,0.97405124,0.9535877,0.9491854,0.95592695,0.9734599,0.96324813,0.95333576,0.9582497,0.9750477,0.97346747,0.9736028,0.9629866,0.97898626,0.96777314,0.9641266,0.96955395,0.9617702,0.9651217,0.9630711,0.9671619,0.9725399,0.97620773,0.9620087,0.9735139,0.96185166,0.96902853,0.96291685,0.97200704,0.97089046,0.9591218,0.97599494,0.9611662,0.96166486,0.95446306,0.9684526,0.9716722,0.96031094,0.96140546,0.9609635,0.9656724,0.95639426,0.9724593,0.9785572,0.94975674,0.9583701,0.97071993,0.9538389,0.96483254,0.976653
0.9848789,0.96334434,0.9827068,0.98096955,0.9766344,0.98316956,0.98039484,0.9789593,0.9819242,0.98532987,0.98032653,0.9864336,0.9850395,0.97628415,0.98319614,0.97292686,0.9746206,0.99999976,0.98362404,0.97348815,0.9846799,0.98054016,0.9857628,0.9828142,0.98046416,0.9839165,0.9797976,0.9867785,0.9870539,0.978326,0.98176324,0.98220015,0.9850611,0.9777881,0.9784229,0.9818624,0.98326445,0.9807466,0.9853922,0.981964,0.9779882,0.98536205,0.96950936,0.9798037,0.9773347,0.9839701,0.9864241,0.9815218,0.98471206,0.97375464,0.97814786,0.9810165,0.9798669,0.97589815,0.977072,0.9837899,0.9818717,0.9878304,0.9700228,0.98568565,0.9722174,0.9655595,0.97747004,0.9811243,0.98050195,0.98156327,0.9794611,0.9836959,0.9898993,0.9833493,0.98281217,0.98750323,0.98704016,0.9788182,0.98220706,0.9746549,0.9834583,0.98011607,0.98205215,0.9737456,0.9864292,0.9818182,0.9841311,0.981983,0.9850127,0.98091984,0.9830173,0.9795354,0.986737,0.9865086,0.982445,0.9835712,0.98552877,0.97733784,0.980615,0.98299223,0.97953534,0.98095775,0.98519516,0.9845487,0.97874653,0.97559756,0.9802198,0.9792639,0.9823576,0.97531366,0.9787649,0.9687624,0.9792508,0.972764,0.9845448,0.978034,0.9845023,0.9811019,0.9844029,0.9828769,0.98284185,0.9742673,0.96758914,0.9663076,0.9786632,0.97554475,0.96942335,0.97918606,0.97452664,0.97317034,0.9799243,0.9757807,0.98043686,0.9795311,0.9842473,0.98520756,0.98203814,0.9629181,0.9782672,0.98891675,0.98149335,0.9836527,0.97382164,0.9847296,0.97769296,0.9834997,0.96508753,0.970791,0.9811561,0.97583985,0.9825564,0.98318815,0.97674644,0.98316455,0.97980106,0.9718555,0.9698908,0.9784892,0.98658776,0.9781934,0.9729805,0.9774699,0.9805614,0.98073334,0.98493737,0.9855153,0.97839963,0.9874822,0.9801533,0.98690575,0.9686885,0.98167837,0.982049,0.98041344,0.9860625,0.9827095,0.9761965,0.9791241,0.97905385,0.9757503,0.97778034,0.9787376,0.9827477,0.97476137,0.96731216,0.98099613,0.97223514,0.9803648,0.9764017,0.9762218,0.97346425,0.97473377,0.978194,0.9812057,0.97167385,0.9860414,0.9873205,0.95784414,0.9750569,0.9818547,0.9724782,0.98387575,0.98156065
0.9800335,0.96568215,0.9828495,0.98075503,0.9798223,0.9810767,0.969496,0.981796,0.981835,0.9776114,0.98132145,0.9850432,0.97863954,0.9779037,0.97334146,0.9618937,0.97282004,0.98362404,0.9999999,0.97294647,0.981178,0.97496957,0.98099315,0.98228467,0.97397506,0.98236644,0.976054,0.98722196,0.98047304,0.9727086,0.97813344,0.98297435,0.9802471,0.9697889,0.979872,0.97864056,0.97576725,0.97295856,0.98754483,0.9780544,0.96771556,0.9795342,0.9713084,0.9692887,0.9710309,0.9755674,0.9860202,0.9748224,0.9741401,0.9665842,0.97095203,0.9821638,0.9786762,0.9766727,0.9775032,0.9789891,0.9731748,0.9774999,0.9688201,0.9804297,0.96568406,0.96067846,0.9680445,0.97859305,0.9734584,0.9738972,0.96593535,0.9817544,0.9819608,0.97902906,0.98287255,0.98254764,0.98227644,0.96980846,0.9754349,0.9703119,0.97603625,0.97687566,0.97607934,0.97807485,0.97904676,0.97392416,0.98295796,0.9796383,0.9806166,0.97849715,0.97468835,0.98110723,0.9778146,0.98299706,0.9795139,0.97888565,0.9819765,0.96877587,0.97764003,0.97104084,0.9683481,0.9798356,0.9813649,0.9815435,0.97853285,0.9659078,0.97459686,0.9611505,0.9773375,0.9736973,0.97238743,0.97259974,0.9817077,0.9764701,0.98002815,0.97114134,0.978125,0.9845897,0.9808923,0.976998,0.9835719,0.97989726,0.9734567,0.9715518,0.980613,0.9722857,0.9712826,0.9792745,0.97616386,0.9728104,0.9751883,0.9774859,0.9749663,0.9834063,0.9752313,0.98007214,0.9757178,0.95842105,0.98151994,0.981091,0.9807166,0.98231506,0.9743665,0.98151183,0.97927815,0.973463,0.961274,0.9771925,0.97779423,0.9791056,0.97999895,0.9821637,0.98419416,0.975253,0.98002166,0.96755534,0.9721031,0.978938,0.9842113,0.97816795,0.971788,0.9782259,0.97396517,0.9764957,0.97816205,0.9812002,0.97508645,0.98478776,0.97710496,0.9834571,0.96432513,0.9858583,0.9839264,0.979846,0.98592603,0.98027074,0.97585964,0.9786073,0.9772123,0.9763638,0.98240364,0.9734862,0.98215824,0.9818362,0.9610741,0.9799644,0.9649737,0.97590786,0.9834562,0.9669368,0.9681598,0.970924,0.9758971,0.9801159,0.9692484,0.9812147,0.98606676,0.967482,0.9768157,0.9743078,0.9757668,0.9811594,0.97874105
